0.500000 26.993261 1.433000 14.400000 0.016726 3.212000 0.000685 3.290000 0.096956 0.112820 1.354000 1.646000 1.265824 1.545360
0.510000 26.139221 1.426000 14.000000 0.011456 3.200000 0.002195 3.274000 0.097725 0.113832 1.355000 1.645000 1.269221 1.547576
0.520000 25.343807 1.422000 13.600000 0.002102 3.192000 0.014645 3.270000 0.098374 0.114142 1.357000 1.643000 1.272817 1.549886
0.530000 24.583366 1.421000 13.200000 0.018961 3.191000 0.003704 3.270000 0.098672 0.114262 1.357000 1.643000 1.276545 1.552340
0.540000 23.861044 1.424000 12.800000 0.011408 3.200000 0.003365 3.272000 0.098441 0.114334 1.358000 1.642000 1.280492 1.554899
0.550000 23.163355 1.430000 12.400000 0.013031 3.210000 0.001896 3.283000 0.098230 0.113863 1.359000 1.641000 1.284640 1.557585
0.560000 22.511765 1.440000 12.000000 0.014271 3.230000 0.001602 3.302000 0.097541 0.112985 1.360000 1.640000 1.289001 1.560402
0.570000 21.900745 1.454000 11.600000 0.017986 3.260000 0.004322 3.330000 0.096396 0.111652 1.361000 1.639000 1.293585 1.563357
0.580000 21.307037 1.391000 11.600000 0.010917 3.141000 0.001482 3.214000 0.102559 0.118171 1.363000 1.637000 1.298434 1.566441
0.590000 20.756317 1.410000 11.200000 0.007855 3.180000 0.019361 3.250000 0.100903 0.116326 1.365000 1.635000 1.303531 1.569677
0.600000 20.258812 1.436000 10.800000 0.002553 3.230000 0.005516 3.300000 0.098791 0.113751 1.366000 1.634000 1.308858 1.573090
0.610000 19.744312 1.377000 10.800000 0.001763 3.120000 0.009146 3.190000 0.104681 0.120109 1.368000 1.632000 1.314489 1.576653
0.620000 19.296923 1.408000 10.400000 0.008574 3.180000 0.007710 3.250000 0.101992 0.116876 1.369000 1.631000 1.320374 1.580410
0.630000 18.861490 1.445000 10.000000 0.012035 3.250000 0.002024 3.320000 0.098943 0.113240 1.370000 1.630000 1.326560 1.584352
0.640000 18.448189 1.391000 10.000000 0.016283 3.150000 0.007101 3.220000 0.104346 0.118988 1.372000 1.628000 1.333097 1.588470
0.650000 18.072937 1.341000 10.000000 0.004731 3.060000 0.012535 3.130000 0.109603 0.124516 1.375000 1.625000 1.340002 1.592770
0.660000 17.756849 1.388000 9.600000 0.009814 3.150000 0.005346 3.220000 0.105263 0.119440 1.376000 1.624000 1.347187 1.597324
0.670000 17.408953 1.341000 9.600000 0.012850 3.063000 0.006636 3.131000 0.110414 0.124959 1.378000 1.622000 1.354776 1.602082
0.680000 17.131010 1.397000 9.200000 0.005942 3.170000 0.008860 3.233000 0.105177 0.119247 1.380000 1.620000 1.362750 1.607074
0.690000 16.866005 1.355000 9.200000 0.016133 3.092000 0.007993 3.160000 0.109908 0.123738 1.382000 1.618000 1.371131 1.612314
0.700000 16.651493 1.318000 9.200000 0.003471 3.030000 0.009116 3.093000 0.113921 0.128168 1.385000 1.615000 1.379977 1.617791
0.710000 16.441736 1.386000 8.800000 0.015481 3.153000 0.000724 3.220000 0.107795 0.120795 1.386000 1.614000 1.389192 1.623584
0.720000 16.282566 1.354000 8.800000 0.007523 3.100000 0.005827 3.160000 0.111229 0.124695 1.389000 1.611000 1.398957 1.629619
0.730000 16.149305 1.325000 8.800000 0.015191 3.050000 0.001618 3.110000 0.114706 0.128078 1.391000 1.609000 1.409175 1.635976
0.740000 16.046654 1.300000 8.800000 0.007549 3.003000 0.006650 3.070000 0.118237 0.130868 1.395000 1.605000 1.419994 1.642602
0.750000 15.972269 1.278000 8.800000 0.016347 2.970000 0.008376 3.030000 0.120914 0.133894 1.397000 1.603000 1.431277 1.649605
0.760000 15.933568 1.261000 8.800000 0.013688 2.940000 0.005767 3.000000 0.123579 0.136265 1.400000 1.600000 1.443172 1.656932
0.770000 15.928577 1.358000 8.400000 0.012816 3.120000 0.002686 3.175000 0.113743 0.125608 1.402000 1.598000 1.455626 1.664648
0.780000 16.002466 1.241000 8.800000 0.014425 2.910000 0.002320 2.970000 0.127249 0.139118 1.406000 1.594000 1.468794 1.672699
0.790000 16.079851 1.238000 8.800000 0.004694 2.905000 0.009227 2.962000 0.128491 0.140143 1.410000 1.590000 1.482625 1.681154
0.800000 16.209038 1.352000 8.400000 0.008521 3.120000 0.008136 3.170000 0.116334 0.127223 1.412000 1.588000 1.497065 1.690079
0.810000 16.450583 1.252000 8.800000 0.004829 2.940000 0.003800 2.991000 0.128186 0.139173 1.416000 1.584000 1.512318 1.699401
0.820000 16.697844 1.268000 8.800000 0.014077 2.970000 0.003975 3.022000 0.127357 0.137574 1.419000 1.581000 1.528293 1.709215
0.830000 17.019825 1.185000 9.200000 0.016919 2.824000 0.034598 2.880000 0.138292 0.147961 1.425000 1.575000 1.545194 1.719448
0.840000 17.468462 1.221000 9.200000 0.011077 2.892000 0.006715 2.942000 0.134740 0.144156 1.427000 1.573000 1.562771 1.730294
0.850000 17.980782 1.265000 9.200000 0.016558 2.980000 0.008305 3.023000 0.130102 0.139250 1.430000 1.570000 1.581273 1.741658
0.860000 18.649088 1.219000 9.600000 0.005299 2.900000 0.009534 2.943000 0.136662 0.145361 1.435000 1.565000 1.600779 1.753547
0.870000 19.432159 1.188000 10.000000 0.023950 2.850000 0.007319 2.890000 0.141449 0.149856 1.438000 1.562000 1.621177 1.766081
0.880000 20.373779 1.175000 10.400000 0.009238 2.830000 0.045904 2.870000 0.144334 0.151993 1.445000 1.555000 1.642742 1.779160
0.890000 21.542053 1.096000 11.200000 0.041868 2.691000 0.017082 2.732000 0.156410 0.163400 1.447000 1.553000 1.665188 1.793012
0.900000 23.032820 1.133000 11.600000 0.057835 2.763000 0.007568 2.801000 0.152393 0.158713 1.450000 1.550000 1.688792 1.807539
0.910000 24.883978 1.202000 12.000000 0.022095 2.892000 0.007683 2.930000 0.144575 0.149815 1.456000 1.544000 1.713667 1.822742
0.920000 27.317526 1.073000 13.600000 0.033319 2.670000 0.021454 2.702000 0.163140 0.168364 1.461000 1.539000 1.739734 1.838740
0.930000 30.329218 1.079000 14.800000 0.049902 2.683000 0.101503 2.715000 0.163963 0.168129 1.468000 1.532000 1.767138 1.855522
0.940000 34.678802 1.105000 16.400000 0.029154 2.740000 0.014524 2.764000 0.161138 0.165185 1.470000 1.530000 1.795754 1.873241
0.950000 40.566418 1.050000 19.200001 0.213671 2.650000 0.010786 2.671000 0.170464 0.173871 1.470000 1.530000 1.825755 1.891880
0.960000 49.813648 1.032000 23.200001 0.063889 2.621000 0.024384 2.644000 0.175143 0.177103 1.480000 1.520000 1.857445 1.911341
0.970000 64.845329 0.992000 30.000000 0.318966 2.560000 0.032646 2.570000 0.182463 0.185011 1.480000 1.520000 1.890505 1.931911
0.980000 95.938828 0.971000 43.599998 0.011154 2.530000 0.039055 2.535000 0.187435 0.189423 1.490000 1.510000 1.925326 1.953449
0.990000 187.949310 0.949000 84.000000 0.802406 2.500000 0.047523 2.500000 0.192557 0.193971 1.490000 1.510000 1.961748 1.976156
1.000000 0.000000 0.000000 0.000000 0.802406 2.500000 0.047523 2.500000 0.192557 0.193971 1.490000 1.510000 1.961748 1.976156
