0.500000 181.400925 5.539000 165.046387 16.945000 182.096893 17.184999 2.886963 3.163751 1.540000 1.460000 56.880795 64.456383
0.510000 181.015778 5.539000 164.468765 16.889999 181.412064 17.129999 2.881416 3.156674 1.551000 1.449000 56.907051 64.437897
0.520000 180.625229 5.539000 163.736328 16.837000 180.839249 17.073000 2.872998 3.151734 1.534000 1.466000 56.866402 64.466415
0.530000 180.231628 5.539000 163.384521 16.782000 179.975571 17.020000 2.871438 3.141380 1.588000 1.412000 56.994167 64.374763
0.540000 179.839294 5.539000 162.402176 16.719999 179.579468 16.969999 2.859397 3.138928 1.523000 1.477000 56.839878 64.484711
0.550000 179.442886 5.539000 161.770721 16.660000 178.917404 16.921000 2.853370 3.131750 1.524000 1.476000 56.842297 64.483055
0.560000 179.056213 5.539000 161.206818 16.604000 178.198334 16.864000 2.848208 3.124303 1.540000 1.460000 56.880795 64.456383
0.570000 178.653122 5.539000 160.662384 16.554001 177.469025 16.808001 2.842888 3.116594 1.560000 1.440000 56.928413 64.422668
0.580000 178.253586 5.539000 160.189835 16.500000 176.668701 16.750000 2.839198 3.107829 1.595000 1.405000 57.010445 64.362656
0.590000 177.850174 5.539000 159.475403 16.441999 176.056107 16.700001 2.831583 3.101640 1.582000 1.418000 56.980167 64.385101
0.600000 177.447144 5.539000 158.502686 16.379000 175.626236 16.650000 2.819823 3.098686 1.521000 1.479000 56.835037 64.488029
0.610000 177.034500 5.539000 157.863464 16.323000 174.949966 16.600000 2.813382 3.091396 1.523000 1.477000 56.839878 64.484711
0.620000 176.636475 5.539000 157.513168 16.270000 174.040329 16.540001 2.811844 3.080919 1.583000 1.417000 56.982502 64.383377
0.630000 176.222763 5.539000 156.711533 16.212999 173.479614 16.490000 2.802620 3.075689 1.555000 1.445000 56.916565 64.431137
0.640000 175.814224 5.539000 155.943604 16.153000 172.877151 16.437000 2.794272 3.070014 1.535000 1.465000 56.868805 64.464745
0.650000 175.399857 5.539000 155.412811 16.101000 172.099792 16.381001 2.789463 3.061529 1.561000 1.439000 56.930782 64.420975
0.660000 174.981628 5.539000 154.607315 16.042000 171.522278 16.330000 2.780368 3.056132 1.534000 1.466000 56.866402 64.466415
0.670000 174.565079 5.539000 154.032944 15.990000 170.768402 16.273001 2.774797 3.048180 1.553000 1.447000 56.911808 64.434517
0.680000 174.144363 5.539000 153.313675 15.931000 170.116089 16.222000 2.767272 3.041471 1.543000 1.457000 56.887974 64.451355
0.690000 173.722015 5.539000 152.629501 15.872000 169.432205 16.171000 2.760392 3.034205 1.540000 1.460000 56.880795 64.456383
0.700000 173.300354 5.539000 152.050949 15.820000 168.666000 16.113001 2.754783 3.026159 1.560000 1.440000 56.928413 64.422668
0.710000 172.877502 5.539000 151.426773 15.761000 167.922806 16.059999 2.749018 3.018042 1.570000 1.430000 56.952019 64.405655
0.720000 172.447571 5.539000 150.783340 15.708000 167.197968 16.004000 2.742351 3.010561 1.578000 1.422000 56.970802 64.391975
0.730000 172.012131 5.539000 149.903610 15.651000 166.655533 15.954000 2.731770 3.005779 1.539000 1.461000 56.878399 64.458054
0.740000 171.569366 5.539000 149.380768 15.600000 165.839890 15.902000 2.727126 2.996279 1.569000 1.431000 56.949665 64.407364
0.750000 171.149429 5.539000 148.637085 15.540000 165.161285 15.844000 2.719329 2.989869 1.560000 1.440000 56.928413 64.422668
0.760000 170.708786 5.539000 147.851639 15.484000 164.530319 15.792000 2.710388 2.983728 1.541000 1.459000 56.883190 64.454712
0.770000 170.260864 5.539000 147.464478 15.430000 163.582077 15.739000 2.708571 2.971938 1.599000 1.401000 57.019714 64.355705
0.780000 169.818176 5.539000 146.252457 15.365000 163.261368 15.691000 2.692688 2.971047 1.498000 1.502000 56.778954 64.525841
0.790000 169.376602 5.539000 145.823410 15.320000 162.358871 15.633000 2.689242 2.960616 1.550000 1.450000 56.904675 64.439583
0.800000 168.932861 5.539000 145.121613 15.260000 161.636322 15.582000 2.682271 2.952744 1.548000 1.452000 56.899906 64.442947
0.810000 168.476700 5.539000 144.173218 15.200000 161.099136 15.531000 2.670749 2.948270 1.500000 1.500000 56.783859 64.522575
0.820000 168.032440 5.539000 143.782974 15.152000 160.143539 15.473000 2.668367 2.936884 1.561000 1.439000 56.930782 64.420975
0.830000 167.568237 5.539000 143.038315 15.092000 159.457520 15.430000 2.660642 2.928854 1.548000 1.452000 56.899906 64.442947
0.840000 167.105133 5.539000 142.233795 15.035000 158.809464 15.381000 2.651506 2.922164 1.527000 1.473000 56.849545 64.478073
0.850000 166.649261 5.539000 141.746445 14.986000 157.907806 15.322000 2.647470 2.911884 1.572000 1.428000 56.956722 64.402245
0.860000 166.187744 5.539000 140.907730 14.927000 157.274033 15.273000 2.637918 2.905474 1.545000 1.455000 56.892750 64.447998
0.870000 165.727722 5.539000 140.264465 14.870000 156.476364 15.220000 2.631828 2.896478 1.558000 1.442000 56.923679 64.426064
0.880000 165.260971 5.539000 139.376282 14.810000 155.865921 15.170000 2.621467 2.890629 1.523000 1.477000 56.839878 64.484711
0.890000 164.798965 5.539000 138.826797 14.760000 154.992508 15.111000 2.616427 2.880900 1.558000 1.442000 56.923679 64.426064
0.900000 164.329880 5.539000 137.994812 14.701000 154.329514 15.060000 2.607032 2.874210 1.535000 1.465000 56.868805 64.464745
0.910000 163.852951 5.539000 137.414612 14.652000 153.482788 15.005000 2.601330 2.864549 1.563000 1.437000 56.935509 64.417580
0.920000 163.385696 5.539000 136.560150 14.590000 152.816803 14.953000 2.591849 2.857935 1.537000 1.463000 56.873604 64.461403
0.930000 162.899384 5.539000 135.913803 14.542000 152.022507 14.900000 2.584803 2.849043 1.552000 1.448000 56.909431 64.436203
0.940000 162.419891 5.539000 135.137375 14.482000 151.298386 14.851000 2.576605 2.841019 1.540000 1.460000 56.880795 64.456383
0.950000 161.931213 5.539000 134.513596 14.430000 150.468613 14.800000 2.570449 2.831241 1.559000 1.441000 56.926048 64.424362
0.960000 161.454788 5.539000 133.714752 14.375000 149.747253 14.742000 2.561289 2.824313 1.549000 1.451000 56.902290 64.441261
0.970000 160.965729 5.539000 132.922546 14.320000 149.031265 14.690000 2.552259 2.816811 1.537000 1.463000 56.873604 64.461403
0.980000 160.476089 5.539000 132.343857 14.270000 148.141724 14.633000 2.546776 2.806615 1.570000 1.430000 56.952019 64.405655
0.990000 159.992188 5.539000 131.534042 14.210000 147.410736 14.580000 2.537991 2.798964 1.556000 1.444000 56.918930 64.429443
1.000000 159.490646 5.539000 130.714905 14.152000 146.708649 14.534000 2.528806 2.791044 1.536000 1.464000 56.871204 64.463074
