10.000000 10.961214 5.539000 112.489174 14.650000 117.093063 14.801000 0.196144 0.200843 1.555000 1.445000 69.810883 72.964516
15.000000 10.970228 5.539000 114.908890 14.581000 120.488548 14.753000 0.193870 0.199489 1.592000 1.408000 67.944237 71.572655
20.000000 10.976507 5.539000 116.176460 14.520000 123.372231 14.734000 0.191743 0.198881 1.510000 1.490000 66.338921 70.851448
25.000000 10.983187 5.539000 117.505058 14.484000 125.408653 14.712000 0.190420 0.198177 1.517000 1.483000 65.337311 70.156441
30.000000 10.991136 5.539000 118.684746 14.455000 127.034691 14.692000 0.189471 0.197550 1.540000 1.460000 64.585243 69.565353
35.000000 10.998520 5.539000 119.737350 14.433000 128.395874 14.673000 0.188693 0.197021 1.570000 1.430000 63.988014 69.052719
40.000000 11.004450 5.539000 120.571655 14.411000 129.662704 14.661000 0.187952 0.196584 1.576000 1.424000 63.421101 68.655304
45.000000 11.009584 5.539000 121.237732 14.391000 130.857971 14.652000 0.187200 0.196267 1.565000 1.435000 62.882629 68.341568
50.000000 11.013505 5.539000 121.988510 14.380000 131.825729 14.640000 0.186617 0.195904 1.588000 1.412000 62.495140 67.999252
55.000000 11.021049 5.539000 122.564522 14.360000 132.769409 14.631000 0.186140 0.195629 1.586000 1.414000 62.086739 67.737579
60.000000 11.025060 5.539000 123.249779 14.350000 133.529465 14.621000 0.185770 0.195259 1.617000 1.383000 61.802963 67.436394
65.000000 11.027689 5.539000 123.161934 14.321000 134.808563 14.630000 0.184766 0.195364 1.490000 1.510000 61.131874 67.457840
70.000000 11.033939 5.539000 124.041306 14.322000 135.245499 14.612000 0.184690 0.194936 1.579000 1.421000 61.065735 67.090034
75.000000 11.038162 5.539000 124.671387 14.315000 135.792923 14.602000 0.184499 0.194594 1.621000 1.379000 60.890594 66.823181
80.000000 11.041732 5.539000 124.895615 14.301000 136.619537 14.602000 0.183935 0.194519 1.580000 1.420000 60.523590 66.728821
85.000000 11.046721 5.539000 124.920486 14.280000 137.519867 14.603000 0.183299 0.194596 1.505000 1.495000 60.083252 66.704361
90.000000 11.050416 5.539000 125.718895 14.282000 137.784637 14.591000 0.183377 0.194116 1.595000 1.405000 60.086952 66.387810
95.000000 11.053165 5.539000 126.270439 14.280000 138.185898 14.581000 0.183231 0.193846 1.640000 1.360000 59.981884 66.160225
100.000000 11.056353 5.539000 126.367958 14.270000 138.932846 14.581000 0.182643 0.193897 1.590000 1.410000 59.654354 66.120522
105.000000 11.060269 5.539000 126.110886 14.242000 139.873856 14.590000 0.181968 0.194067 1.470000 1.530000 59.152905 66.206573
110.000000 11.065597 5.539000 126.704475 14.242000 140.150620 14.580000 0.181976 0.193762 1.530000 1.470000 59.127407 65.980797
115.000000 11.068983 5.539000 127.235390 14.242000 140.439468 14.571000 0.181928 0.193493 1.581000 1.419000 59.081806 65.774391
120.000000 11.071624 5.539000 127.298073 14.230000 141.069824 14.573000 0.181495 0.193493 1.535000 1.465000 58.801090 65.746933
125.000000 11.074743 5.539000 127.427002 14.222000 141.616302 14.570000 0.181105 0.193516 1.508000 1.492000 58.574501 65.688919
130.000000 11.079596 5.539000 128.025513 14.222000 141.768295 14.560000 0.181243 0.193179 1.579000 1.421000 58.600693 65.463905
135.000000 11.082577 5.539000 128.053391 14.211000 142.352325 14.561000 0.180829 0.193223 1.533000 1.467000 58.341759 65.448929
140.000000 11.084753 5.539000 128.127029 14.202000 142.877625 14.561000 0.180464 0.193232 1.499000 1.501000 58.116985 65.414711
145.000000 11.086350 5.539000 128.832428 14.210000 142.906250 14.551000 0.180655 0.192807 1.596000 1.404000 58.222378 65.157059
150.000000 11.089249 5.539000 129.001511 14.202000 143.323624 14.551000 0.180446 0.192716 1.583000 1.417000 58.061874 65.095032
155.000000 11.092145 5.539000 128.987137 14.192000 143.868103 14.552000 0.180043 0.192793 1.535000 1.465000 57.820637 65.096344
160.000000 11.096038 5.539000 129.016815 14.181000 144.345932 14.551000 0.179742 0.192842 1.499000 1.501000 57.611389 65.077606
165.000000 11.096932 5.539000 129.668518 14.190000 144.357407 14.542000 0.179908 0.192457 1.590000 1.410000 57.717468 64.844681
170.000000 11.100880 5.539000 129.695404 14.181000 144.820648 14.541000 0.179596 0.192520 1.555000 1.445000 57.521431 64.831436
175.000000 11.103545 5.539000 130.195984 14.183000 144.892197 14.532000 0.179725 0.192250 1.620000 1.380000 57.566341 64.645866
180.000000 11.105250 5.539000 130.416565 14.180000 145.186203 14.530000 0.179586 0.192141 1.626000 1.374000 57.474514 64.565826
185.000000 11.107945 5.539000 130.357376 14.171000 145.696960 14.533000 0.179200 0.192225 1.574000 1.426000 57.250706 64.589783
190.000000 11.111341 5.539000 130.377411 14.160000 146.113968 14.535000 0.178978 0.192219 1.540000 1.460000 57.070457 64.582153
195.000000 11.113640 5.539000 130.661469 14.160000 146.324768 14.530000 0.178903 0.192104 1.563000 1.437000 57.029137 64.479477
200.000000 11.115787 5.539000 130.633453 14.150000 146.763779 14.533000 0.178619 0.192129 1.521000 1.479000 56.835037 64.488029
205.000000 11.117284 5.539000 130.896347 14.150000 146.977997 14.530000 0.178537 0.191999 1.540000 1.460000 56.789841 64.396072
210.000000 11.120772 5.539000 131.283417 14.153000 147.069458 14.520000 0.178572 0.191869 1.589000 1.411000 56.816429 64.254410
215.000000 11.121873 5.539000 131.379181 14.150000 147.398560 14.520000 0.178344 0.191847 1.575000 1.425000 56.697411 64.221306
220.000000 11.123391 5.539000 131.066101 14.131000 148.011932 14.530000 0.177903 0.191989 1.477000 1.523000 56.378681 64.326950
225.000000 11.126200 5.539000 131.437439 14.134000 148.110184 14.524000 0.177945 0.191813 1.521000 1.479000 56.403728 64.201294
230.000000 11.129696 5.539000 131.658356 14.131000 148.300323 14.520000 0.177915 0.191723 1.536000 1.464000 56.359470 64.123550
235.000000 11.130622 5.539000 131.517136 14.125000 148.769516 14.520000 0.177466 0.191917 1.480000 1.520000 56.146862 64.162254
240.000000 11.132999 5.539000 131.694153 14.120000 148.984100 14.520000 0.177434 0.191789 1.485000 1.515000 56.083008 64.103500
245.000000 11.134273 5.539000 132.423660 14.131000 148.773987 14.510000 0.177822 0.191337 1.604000 1.396000 56.287331 63.857880
250.000000 11.137095 5.539000 132.684921 14.131000 148.897858 14.503000 0.177813 0.191259 1.632000 1.368000 56.276821 63.761536
255.000000 11.138703 5.539000 132.453720 14.120000 149.433990 14.511000 0.177379 0.191397 1.553000 1.447000 56.025856 63.848045
260.000000 11.139171 5.539000 132.797989 14.122000 149.499008 14.508000 0.177454 0.191173 1.595000 1.405000 56.052048 63.731773
265.000000 11.143837 5.539000 132.983139 14.120000 149.658875 14.500000 0.177404 0.191184 1.610000 1.390000 56.017136 63.661201
270.000000 11.143543 5.539000 132.438522 14.101000 150.404083 14.514000 0.176739 0.191478 1.470000 1.530000 55.624317 63.844746
275.000000 11.146983 5.539000 132.954193 14.110000 150.328384 14.503000 0.176916 0.191265 1.550000 1.450000 55.747944 63.673553
280.000000 11.148560 5.539000 133.233475 14.110000 150.417297 14.500000 0.176969 0.191098 1.581000 1.419000 55.754326 63.579922
285.000000 11.151408 5.539000 133.134537 14.100000 150.790894 14.503000 0.176731 0.191170 1.535000 1.465000 55.585869 63.613434
290.000000 11.152256 5.539000 133.227417 14.100000 151.025253 14.501000 0.176547 0.191177 1.530000 1.470000 55.512444 63.580437
295.000000 11.154898 5.539000 133.152603 14.090000 151.360275 14.503000 0.176352 0.191231 1.491000 1.509000 55.360367 63.601883
300.000000 11.156601 5.539000 133.490875 14.092000 151.395020 14.500000 0.176462 0.191017 1.534000 1.466000 55.401497 63.494228
305.000000 11.157304 5.539000 133.553436 14.090000 151.637329 14.500000 0.176294 0.191007 1.523000 1.477000 55.317600 63.472969
310.000000 11.157646 5.539000 133.771179 14.090000 151.758133 14.500000 0.176295 0.190849 1.542000 1.458000 55.303963 63.404507
