10.000000 6.685503 5.539000 146.879013 15.740000 0.228743 3.164000 73.477966
15.000000 6.663854 5.539000 149.529755 15.640200 0.225827 3.165000 71.354614
20.000000 6.651285 5.538000 151.458054 15.562200 0.223960 3.161000 69.891968
25.000000 6.644388 5.539000 152.972336 15.510500 0.222376 3.165000 68.797157
30.000000 6.634693 5.539000 154.228287 15.470200 0.221045 3.164000 67.914032
35.000000 6.630840 5.539000 155.299713 15.430100 0.220064 3.162000 67.178123
40.000000 6.626142 5.539000 156.250076 15.400000 0.219141 3.165000 66.556740
45.000000 6.622615 5.539000 157.088730 15.372000 0.218357 3.165000 66.011597
50.000000 6.618516 5.539000 157.825958 15.346000 0.217658 3.158000 65.519287
55.000000 6.617672 5.539000 158.525803 15.322700 0.217065 3.162000 65.093208
60.000000 6.614521 5.539000 159.153503 15.303000 0.216473 3.160000 64.699722
65.000000 6.613811 5.539000 159.747681 15.283800 0.215973 3.163000 64.347572
70.000000 6.609704 5.539000 160.298706 15.271000 0.215401 3.165000 64.022919
75.000000 6.609372 5.539000 160.806534 15.253000 0.214996 3.164000 63.718849
80.000000 6.607074 5.539000 161.289215 15.240000 0.214541 3.165000 63.438972
85.000000 6.607344 5.539000 161.742142 15.224000 0.214196 3.165000 63.176426
90.000000 6.605303 5.539000 162.171005 15.212400 0.213796 3.165000 62.930340
95.000000 6.603954 5.539000 162.575577 15.200300 0.213441 3.164000 62.697506
100.000000 6.601502 5.539000 162.963516 15.191000 0.213061 3.164000 62.479057
105.000000 6.600075 5.539000 163.336639 15.181300 0.212723 3.165000 62.273643
110.000000 6.599924 5.539000 163.690994 15.170000 0.212444 3.165000 62.077438
115.000000 6.597653 5.539000 164.028000 15.162000 0.212113 3.164000 61.889492
120.000000 6.598326 5.539000 164.357132 15.151000 0.211878 3.165000 61.712910
125.000000 6.598802 5.539000 164.671127 15.140400 0.211652 3.165000 61.542973
130.000000 6.597191 5.539000 164.970932 15.132900 0.211372 3.164000 61.379051
135.000000 6.597421 5.539000 165.251801 15.122000 0.211174 3.160000 61.217960
140.000000 6.593926 5.539000 165.508911 15.115000 0.210889 3.151000 61.056625
145.000000 6.594769 5.539000 165.815277 15.110000 0.210650 3.163000 60.928360
150.000000 6.595111 5.539000 166.068542 15.100000 0.210477 3.159000 60.784679
155.000000 6.592334 5.539000 166.305389 15.093700 0.210226 3.152000 60.642147
160.000000 6.593150 5.539000 166.590454 15.090000 0.210000 3.165000 60.529999
165.000000 6.594638 5.539000 166.832214 15.080700 0.209863 3.165000 60.405472
170.000000 6.590997 5.538000 167.084778 15.074000 0.209679 3.165000 60.285030
175.000000 6.591449 5.539000 167.290436 15.071000 0.209418 3.163000 60.165886
180.000000 6.594164 5.539000 167.516006 15.061000 0.209330 3.164000 60.054153
185.000000 6.590535 5.539000 167.733154 15.060000 0.209050 3.164000 59.944569
190.000000 6.593269 5.539000 167.944916 15.050000 0.208975 3.164000 59.838181
195.000000 6.590675 5.538000 168.166489 15.042400 0.208853 3.163000 59.733574
200.000000 6.592098 5.539000 168.356247 15.040500 0.208624 3.165000 59.635612
205.000000 6.588536 5.539000 168.553482 15.040100 0.208362 3.165000 59.537865
210.000000 6.591420 5.539000 168.743515 15.030200 0.208312 3.164000 59.441456
215.000000 6.588746 5.539000 168.895630 15.024000 0.208146 3.151000 59.332558
220.000000 6.590289 5.539000 169.108368 15.020400 0.208008 3.161000 59.254677
225.000000 6.587942 5.539000 169.300354 15.020300 0.207779 3.165000 59.171509
230.000000 6.590097 5.539000 169.474686 15.012000 0.207718 3.164000 59.084278
235.000000 6.588661 5.539000 169.617325 15.005300 0.207593 3.153000 58.986732
240.000000 6.590446 5.539000 169.810059 15.001100 0.207484 3.161000 58.914600
245.000000 6.589115 5.539000 169.988266 15.000000 0.207298 3.165000 58.839355
250.000000 6.587854 5.538000 170.167282 14.991900 0.207253 3.164000 58.759739
255.000000 6.589035 5.539000 170.310135 14.991100 0.207056 3.164000 58.683060
260.000000 6.586816 5.539000 170.434280 14.985700 0.206923 3.152000 58.593353
265.000000 6.589041 5.539000 170.617645 14.982100 0.206831 3.162000 58.532112
270.000000 6.588019 5.539000 170.775787 14.980300 0.206675 3.164000 58.462585
275.000000 6.587809 5.539000 170.900299 14.973400 0.206598 3.155000 58.381142
280.000000 6.588671 5.539000 171.075928 14.972000 0.206468 3.165000 58.324173
285.000000 6.587451 5.539000 171.220917 14.970000 0.206322 3.165000 58.256397
290.000000 6.587693 5.539000 171.338196 14.962700 0.206264 3.156000 58.179050
295.000000 6.588384 5.539000 171.504028 14.961400 0.206139 3.165000 58.124695
300.000000 6.586758 5.539000 171.642273 14.960200 0.205985 3.165000 58.060673
305.000000 6.586927 5.539000 171.738785 14.951400 0.205953 3.151000 57.980968
